<?xml version="1.0"?>
<opencv_storage>
<homography type_id="opencv-matrix">
  <rows>3</rows>
  <cols>3</cols>
  <dt>d</dt>
  <data>
    -1.6446823007114046e+000 7.5774327542187725e-001
    9.3650277292223154e+002 -1.7492653578626075e-001
    -1.2459731147262874e+000 9.3347925161392243e+002
    -1.1553970269077298e-004 1.4637699273637101e-003 1.</data></homography>
</opencv_storage>
