<?xml version="1.0"?>
<opencv_storage>
<homography type_id="opencv-matrix">
  <rows>3</rows>
  <cols>3</cols>
  <dt>d</dt>
  <data>
    -1.6578468029565911e+000 1.2335876335317471e+000
    1.1369514690260210e+003 -1.4899536508283528e-001
    -8.9340448056662081e-001 1.1184916233723084e+003
    -4.2927596946799179e-005 1.7417481585953300e-003 1.</data></homography>
</opencv_storage>
