<?xml version="1.0"?>
<opencv_storage>
<homography type_id="opencv-matrix">
  <rows>3</rows>
  <cols>3</cols>
  <dt>d</dt>
  <data>
    -1.5671410006968141e+000 6.0376421256489177e-001
    9.9204694778660712e+002 3.3785995494299281e-002
    -1.2912869957286499e+000 8.2776100489501255e+002
    2.3435487083239304e-005 1.2771831055076867e-003
    1.0000000000000002e+000</data></homography>
</opencv_storage>
