<?xml version="1.0"?>
<opencv_storage>
<homography type_id="opencv-matrix">
  <rows>3</rows>
  <cols>3</cols>
  <dt>d</dt>
  <data>
    7.2677485062310454e-001 3.4323038842615533e-001
    2.5787972488393797e+002 -1.6697478424631700e-002
    1.6082201909558325e+000 2.6446828022349075e+002
    -1.6113206275933518e-006 6.8653815620139166e-004 1.</data></homography>
</opencv_storage>
