<?xml version="1.0"?>
<opencv_storage>
<homography type_id="opencv-matrix">
  <rows>3</rows>
  <cols>3</cols>
  <dt>d</dt>
  <data>
    7.2674026740969599e-001 3.1162191259701838e-001
    2.2611325462653656e+002 -2.4252947319399198e-002
    1.5830693452302071e+000 2.2147755472160975e+002
    -1.9117382875581408e-005 6.6613366611082238e-004 1.</data></homography>
</opencv_storage>
