<?xml version="1.0"?>
<opencv_storage>
<homography type_id="opencv-matrix">
  <rows>3</rows>
  <cols>3</cols>
  <dt>d</dt>
  <data>
    1.6153614719988310e+000 7.0338746201051938e-001
    -3.6135455008670007e+001 7.0600493946085183e-002
    3.2706137763826200e+000 2.3286843742035455e+002
    -8.6618948693166888e-005 1.7448648314404120e-003 1.</data></homography>
</opencv_storage>
